-1.221377815865081686e+02
6.045844521540628236e+00
4.462010902035201809e+01
4.714973920625851633e+01
2.968259511882720147e+01
-6.409740101768646170e-01
2.874217610359655506e+00
1.507776096939075927e+01
1.026855756243807782e+01
-2.978841753064948250e+01
-2.641864568255260792e+01
-2.311116185722126204e+01
1.895968573754679198e+01
1.587660269720789685e+01
2.574510274648640262e+01
5.541100132958096225e+00
-4.339810823703348319e+01
8.045826437383265528e+00
9.846992287455361037e+00
2.318639786891611720e+01
2.546743864221512155e+01
-5.665010000342503815e+01
-1.446924726600022915e+01
-2.736461081973551757e+01
2.344840937265108494e+01
-7.430554853498199108e+00
3.971219712082329156e+00
-3.266131864832475173e+01
8.847617266288984865e+02
9.475423527756166919e+00
1.331430820998581339e+02
-9.369382909016053418e+00
-1.040368586482869944e+02
1.618352047161667695e+00
-3.798085582470443455e+01
-4.816673307039181395e+00
-2.746761067436884929e+01
-1.331531198847048625e+00
1.006209476819092075e+01
5.182032743263010133e+01
-2.980596746246278883e+01
2.367795989742718099e+00
-8.091697432161359416e+01
-9.426644813643196841e+00
3.208946798619388474e+00
-1.328914413670401018e+01
-1.223495815643589992e+02
-4.544069673158151801e+00
-1.073525009592367851e+00
-2.803840189360094381e+00
1.547501102423070307e+01
-1.672600443685402283e+01
3.692397941874700962e+01
-5.289819149238878637e+00
-3.862033252880811318e+01
-8.079000795582434336e+00
2.244471961539868055e+00
1.710672288642572170e+01
6.826375837598821761e+01
-1.451730236782856878e+02
-2.152680925405839929e+01
-1.327494741638827636e+00
1.713281759784349489e+01
-1.111759445019148131e+02
5.029011948860720338e+00
5.479213838786216151e+00
5.483924405906794419e+00
-3.090969734661677393e+01
7.994439646925343368e+00
-2.859692053133255030e+00
-4.070645031993813667e+00
5.450753948311216845e+00
5.508776009032583687e+00
3.110027768533655390e+01
-2.413255238226808075e+01
9.154076720496130193e+00
1.340442313217441139e+01
6.861764042393360130e-01
1.367698867323529832e+01
-1.981637932137411351e+00
2.590409077437459739e+00
-2.149424066131520306e+01
